Date,Daily_Confirmed_,False_Positives_Found,Cumulative_Confirmed,Daily_Discharged,Passed_but_not_due_to_COVID,Cumulative_Discharged,Discharged_to_Isolation,Still_Hospitalised,Daily_Deaths,Cumulative_Deaths,Tested_positive_demise,Daily_Imported,Daily_Local_transmission,Local_cases_residing_in_dorms_MOH_report,Local_cases_not_residing_in_doms_MOH_report,Intensive_Care_Unit_(ICU),General_Wards_MOH_report,In_Isolation_MOH_report,Total_Completed_Isolation_MOH_report,Total_Hospital_Discharged_MOH_report
2020-01-23,1,,1,0,0,0,0,1,0,0,0,1,0,,,0,,,,
2020-01-24,2,,3,0,0,0,0,3,0,0,0,2,0,,,0,,,,
2020-01-25,1,,4,0,0,0,0,4,0,0,0,1,0,,,0,,,,
2020-01-26,0,,4,0,0,0,0,4,0,0,0,0,0,,,0,,,,
2020-01-27,1,,5,0,0,0,0,5,0,0,0,1,0,,,0,,,,
2020-01-28,2,,7,0,0,0,0,7,0,0,0,2,0,,,0,,,,
2020-01-29,3,,10,0,0,0,0,10,0,0,0,3,0,,,0,,,,
2020-01-30,3,,13,0,0,0,0,13,0,0,0,3,0,,,0,,,,
2020-01-31,3,,16,0,0,0,0,16,0,0,0,3,0,,,0,,,,
2020-02-01,2,,18,0,0,0,0,18,0,0,0,2,0,,,0,,,,
2020-02-02,0,,18,0,0,0,0,18,0,0,0,0,0,,,0,,,,
2020-02-03,0,,18,0,0,0,0,18,0,0,0,0,0,,,0,,,,
2020-02-04,6,,24,1,0,1,0,23,0,0,0,2,4,,,0,,,,
2020-02-05,4,,28,0,0,1,0,27,0,0,0,1,3,,,0,,,,
2020-02-06,2,,30,0,0,1,0,29,0,0,0,0,2,,,1,,,,
2020-02-07,3,,33,1,0,2,0,31,0,0,0,0,3,,,2,,,,
2020-02-08,7,,40,0,0,2,0,38,0,0,0,0,7,,,4,,,,
2020-02-09,3,,43,4,0,6,0,37,0,0,0,0,3,,,6,,,,
2020-02-10,2,,45,1,0,7,0,38,0,0,0,1,1,,,7,,,,
2020-02-11,2,,47,2,0,9,0,38,0,0,0,0,2,,,7,,,,
2020-02-12,3,,50,6,0,15,0,35,0,0,0,0,3,,,8,,,,
2020-02-13,8,,58,0,0,15,0,43,0,0,0,0,8,,,7,,,,
2020-02-14,9,,67,2,0,17,0,50,0,0,0,0,9,,,6,,,,
2020-02-15,5,,72,1,0,18,0,54,0,0,0,0,5,,,6,,,,
2020-02-16,3,,75,1,0,19,0,56,0,0,0,0,3,,,5,,,,
2020-02-17,2,,77,5,0,24,0,53,0,0,0,1,1,,,4,,,,
2020-02-18,4,,81,5,0,29,0,52,0,0,0,0,4,,,4,,,,
2020-02-19,3,,84,5,0,34,0,50,0,0,0,0,3,,,4,,,,
2020-02-20,1,,85,3,0,37,0,48,0,0,0,0,1,,,4,,,,
2020-02-21,1,,86,10,0,47,0,39,0,0,0,0,1,,,5,,,,
2020-02-22,3,,89,2,0,49,0,40,0,0,0,1,2,,,5,,,,
2020-02-23,0,,89,2,0,51,0,38,0,0,0,0,0,,,5,,,,
2020-02-24,1,,90,2,0,53,0,37,0,0,0,0,1,,,7,,,,
2020-02-25,1,,91,5,0,58,0,33,0,0,0,0,1,,,7,,,,
2020-02-26,2,,93,4,0,62,0,31,0,0,0,0,2,,,7,,,,
2020-02-27,3,,96,4,0,66,0,30,0,0,0,0,3,,,8,,,,
2020-02-28,2,,98,3,0,69,0,29,0,0,0,0,2,,,7,,,,
2020-02-29,4,,102,3,0,72,0,30,0,0,0,0,4,,,7,,,,
2020-03-01,4,,106,2,0,74,0,32,0,0,0,0,4,,,7,,,,
2020-03-02,2,,108,4,0,78,0,30,0,0,0,0,2,,,6,,,,
2020-03-03,2,,110,0,0,78,0,32,0,0,0,0,2,,,7,,,,
2020-03-04,2,,112,1,0,79,0,33,0,0,0,0,2,,,7,,,,
2020-03-05,5,,117,2,0,81,0,36,0,0,0,1,4,,,7,,,,
2020-03-06,13,,130,1,0,82,0,48,0,0,0,2,11,,,9,,,,
2020-03-07,8,,138,8,0,90,0,48,0,0,0,2,6,,,8,,,,
2020-03-08,12,,150,0,0,90,0,60,0,0,0,1,11,,,9,,,,
2020-03-09,10,,160,3,0,93,0,67,0,0,0,3,7,,,10,,,,
2020-03-10,6,,166,0,0,93,0,73,0,0,0,0,6,,,12,,,,
2020-03-11,12,,178,3,0,96,0,82,0,0,0,8,4,,,9,,,,
2020-03-12,9,,187,0,0,96,0,91,0,0,0,5,4,,,9,,,,
2020-03-13,13,,200,1,0,97,0,103,0,0,0,9,4,,,11,,,,
2020-03-14,12,,212,8,0,105,0,107,0,0,0,9,3,,,14,,,,
2020-03-15,14,,226,0,0,105,0,121,0,0,0,9,5,,,13,,,,
2020-03-16,17,,243,4,0,109,0,134,0,0,0,11,6,,,13,,,,
2020-03-17,23,,266,5,0,114,0,152,0,0,0,17,6,,,14,,,,
2020-03-18,47,,313,3,0,117,0,196,0,0,0,33,14,,,15,,,,
2020-03-19,32,,345,7,0,124,0,221,0,0,0,24,8,,,15,,,,
2020-03-20,40,,385,7,0,131,0,254,0,0,0,30,10,,,16,238,0,0,131
2020-03-21,47,,432,9,0,140,0,290,2,2,0,39,8,,,14,276,0,0,140
2020-03-22,23,,455,4,0,144,0,309,0,2,0,18,5,,,14,295,0,0,144
2020-03-23,54,,509,8,0,152,0,355,0,2,0,48,6,,,15,340,0,0,152
2020-03-24,49,,558,3,0,155,0,401,0,2,0,32,17,,,17,384,0,0,155
2020-03-25,73,,631,5,0,160,65,404,0,2,0,38,35,,,17,388,64,0,160
2020-03-26,52,,683,12,0,172,87,422,0,2,0,28,24,,,18,404,87,0,172
2020-03-27,49,,732,11,0,183,115,432,0,2,0,22,27,,,17,415,115,4,179
2020-03-28,70,,802,15,0,198,182,420,0,2,0,41,29,,,19,401,182,14,184
2020-03-29,42,,844,14,0,212,206,423,1,3,0,24,18,2,17,19,404,206,18,194
2020-03-30,35,,879,16,0,228,228,420,0,3,0,9,26,3,22,19,401,228,28,200
2020-03-31,47,,926,12,0,240,260,423,0,3,0,16,31,6,25,22,401,260,32,208
2020-04-01,74,,1000,5,0,245,291,461,0,3,0,20,54,11,43,24,437,291,34,211
2020-04-02,49,,1049,21,0,266,315,464,1,4,0,8,41,7,34,23,441,315,42,224
2020-04-03,65,,1114,16,0,282,354,473,1,5,0,9,56,22,34,25,448,354,47,235
2020-04-04,75,,1189,15,0,297,386,500,1,6,0,6,69,23,45,26,474,386,55,242
2020-04-05,120,,1309,23,0,320,414,569,0,6,0,4,116,57,59,25,544,414,68,252
2020-04-06,66,,1375,24,0,344,454,571,0,6,0,1,65,38,27,25,546,454,81,263
2020-04-07,106,,1481,33,0,377,471,627,0,6,0,3,103,46,57,29,598,471,101,276
2020-04-08,142,,1623,29,0,406,542,669,0,6,0,2,140,65,75,29,640,542,115,291
2020-04-09,287,,1910,54,1,460,559,885,0,6,0,3,284,214,70,29,856,559,146,314
2020-04-10,198,,2108,32,0,492,734,875,1,7,0,0,198,141,57,32,845,734,172,318
2020-04-11,191,,2299,35,0,527,820,944,1,8,0,0,191,152,39,31,914,820,199,327
2020-04-12,233,,2532,32,0,559,988,977,0,8,0,0,233,188,45,31,947,988,217,341
2020-04-13,386,,2918,26,0,585,1165,1159,1,9,0,0,386,334,52,29,1131,1165,239,345
2020-04-14,334,,3252,25,0,610,1316,1316,1,10,0,0,334,275,59,28,1289,1316,259,350
2020-04-15,447,,3699,41,0,651,1540,1497,0,10,1,0,447,406,41,26,1473,1541,284,365
2020-04-16,728,,4427,31,0,682,1848,1886,0,10,0,0,728,676,52,23,1866,1848,309,371
2020-04-17,623,,5050,25,0,707,2218,2113,1,11,0,1,622,559,63,22,2095,2218,312,392
2020-04-18,942,,5992,38,0,745,2678,2557,0,11,0,0,942,893,49,23,2538,2683,331,406
2020-04-19,596,,6588,26,0,771,2888,2917,0,11,0,0,596,544,52,22,2899,2893,339,424
2020-04-20,1426,,8014,33,0,804,3782,3416,0,11,0,0,1426,1371,55,23,1364,5829,351,436
2020-04-21,1111,,9125,39,0,843,4682,3588,0,11,0,0,1111,1050,61,27,1381,6881,371,454
2020-04-22,1016,,10141,57,0,900,4999,4229,1,12,0,0,1016,967,49,25,1571,7651,413,469
2020-04-23,1037,,11178,36,1,936,8874,1355,0,12,0,0,1037,982,55,26,1342,8880,434,484
2020-04-24,897,,12075,38,0,974,9878,1210,0,12,0,0,897,852,45,24,1205,9878,449,507
2020-04-25,618,,12693,46,0,1020,10465,1195,0,12,0,0,618,597,21,24,1190,10465,474,528
2020-04-26,931,,13624,58,0,1078,11241,1292,0,12,0,2,929,886,43,22,1289,11241,514,546
2020-04-27,799,,14423,35,0,1113,11863,1432,2,14,0,0,799,764,35,20,1431,11863,532,563
2020-04-28,528,,14951,33,0,1146,12120,1670,0,14,0,0,528,511,17,21,1668,12120,551,577
2020-04-29,690,,15641,62,0,1208,12725,1693,0,14,0,0,690,660,30,22,1692,12725,594,594
2020-04-30,528,,16169,56,0,1264,13202,1687,1,15,0,0,528,488,40,21,1687,13202,624,620
2020-05-01,932,,17101,24,0,1288,14053,1743,1,16,0,0,932,905,27,23,1741,14053,630,638
2020-05-02,447,,17548,79,0,1367,14474,1688,1,17,1,0,447,431,16,24,1686,14474,685,662
2020-05-03,657,,18205,61,0,1428,15149,1608,1,18,0,0,657,626,31,22,1608,15149,722,686
2020-05-04,573,,18778,49,0,1477,15812,1469,0,18,0,0,573,560,13,25,1466,15812,744,713
2020-05-05,632,,19410,62,1,1539,16289,1562,0,18,0,0,632,605,27,24,1560,16289,786,733
2020-05-06,788,,20198,115,0,1654,17082,1440,2,20,0,0,788,760,28,23,1439,17082,860,774
2020-05-07,741,,20939,78,0,1732,17831,1354,0,20,0,0,741,725,16,19,1357,17831,896,816
2020-05-08,768,,21707,328,0,2060,18402,1223,0,20,0,0,768,750,18,22,1223,18402,1205,835
2020-05-09,753,,22460,256,0,2316,19020,1102,0,20,0,0,753,739,14,23,1101,19020,1442,854
2020-05-10,876,,23336,425,0,2741,19498,1075,0,20,0,1,875,860,15,22,1075,19498,1836,885
2020-05-11,486,35,23787,504,0,3245,19448,1070,1,21,1,0,486,481,5,24,1069,19448,2322,903
2020-05-12,884,0,24671,626,0,3871,19667,1107,0,21,2,0,884,877,7,20,1112,19667,2927,924
2020-05-13,675,0,25346,958,0,4829,19479,1012,0,21,0,0,675,671,4,19,1018,19479,3858,951
2020-05-14,752,0,26098,1164,0,5993,19032,1047,0,21,0,0,752,750,2,20,1052,19032,4978,995
2020-05-15,793,0,26891,1275,0,7268,18498,1099,0,21,0,0,793,791,2,18,1106,18498,6229,1019
2020-05-16,465,0,27356,1094,0,8362,17881,1086,1,22,0,0,465,457,8,16,1095,17881,7309,1033
2020-05-17,682,0,28038,998,0,9360,17466,1185,0,22,0,0,682,673,9,16,1194,17466,8286,1054
2020-05-18,305,0,28343,495,0,9855,17450,1011,0,22,0,0,305,303,2,12,1024,17450,8776,1059
2020-05-19,451,0,28794,530,0,10385,17403,979,0,22,0,0,451,450,1,10,994,17403,9284,1081
2020-05-20,570,0,29364,842,0,11227,17181,929,0,22,0,0,570,562,8,11,943,17181,10110,1097
2020-05-21,448,0,29812,910,0,12137,16771,876,1,23,0,0,448,434,14,10,891,16771,11017,1100
2020-05-22,614,0,30426,838,0,12975,16650,773,0,23,0,0,614,610,4,8,790,16650,11883,1122
2020-05-23,642,0,31068,927,0,13902,16452,686,0,23,0,0,642,631,11,8,703,16452,12731,1151
2020-05-24,548,0,31616,994,0,14896,16027,665,0,23,0,0,548,544,4,8,682,16027,13686,1190
2020-05-25,344,0,31960,862,0,15758,15592,582,0,23,0,0,344,338,6,8,599,15592,14521,1217
2020-05-26,383,0,32343,706,0,16464,15291,560,0,23,0,0,383,381,2,8,577,15291,15203,1241
2020-05-27,533,0,32876,832,0,17296,15052,500,0,23,0,0,533,529,4,7,518,15052,16007,1269
2020-05-28,373,0,33249,1018,0,18314,14422,485,0,23,0,0,373,372,1,7,503,14422,16996,1298
2020-05-29,611,0,33860,1337,0,19651,13745,436,0,23,0,0,611,602,9,8,453,13745,18298,1333
2020-05-30,506,0,34366,1096,0,20747,13242,349,0,23,0,0,506,501,5,7,367,13242,19305,1422
2020-05-31,518,0,34884,972,0,21719,12841,296,0,23,0,0,518,516,2,8,313,12841,20245,1454
2020-06-01,408,0,35292,767,0,22486,12458,319,1,24,0,0,408,408,0,7,337,12458,21004,1462
2020-06-02,544,0,35836,709,0,23195,12306,306,0,24,0,0,544,540,4,6,325,12306,21706,1469
2020-06-03,569,0,36405,407,0,23602,12465,309,0,24,0,0,569,562,7,5,329,12465,22089,1493
2020-06-04,517,0,36922,322,0,23924,12691,278,0,24,0,0,517,502,15,5,298,12691,22404,1500
2020-06-05,261,0,37183,305,0,24229,12643,282,0,24,0,0,261,250,11,4,303,12643,22693,1516
2020-06-06,344,0,37527,350,0,24579,12635,283,1,25,0,0,344,337,7,4,304,12635,23041,1518
2020-06-07,383,0,37910,327,0,24906,12704,270,0,25,0,0,383,369,14,3,292,12704,23361,1525
2020-06-08,386,0,38296,482,0,25388,12634,244,0,25,0,0,386,384,2,4,265,12634,23823,1545
2020-06-09,218,0,38514,509,0,25897,12364,223,0,25,0,0,218,212,6,3,245,12364,24316,1561
2020-06-10,451,0,38965,655,0,26552,12185,198,0,25,0,0,451,444,7,3,220,12185,24948,1584
2020-06-11,422,0,39387,754,0,27306,11849,201,0,25,1,0,422,416,6,2,225,11849,25689,1597
2020-06-12,463,0,39850,754,0,28060,11546,213,0,25,0,0,463,445,18,2,237,11546,26434,1606
2020-06-13,347,0,40197,768,0,28828,11135,202,1,26,0,0,347,342,5,1,227,11135,27191,1617
2020-06-14,407,0,40604,781,0,29609,10751,212,0,26,0,1,406,397,9,2,236,10751,27961,1628
2020-06-15,214,0,40818,777,0,30386,10183,217,0,26,0,0,214,311,3,2,241,10183,28731,1635
2020-06-16,151,0,40969,797,0,31183,9511,243,0,26,0,0,151,149,2,2,267,9511,29516,1647
2020-06-17,247,0,41216,775,0,31958,8995,231,0,26,0,0,247,242,5,2,255,8995,30277,1661
2020-06-18,257,0,41473,774,0,32732,8510,199,0,26,0,0,257,253,4,2,223,8510,31046,1666
2020-06-19,142,0,41615,747,0,33479,7918,186,0,26,0,0,142,141,1,2,210,7918,31781,1678
2020-06-20,218,0,41833,765,0,34244,7398,159,0,26,0,0,218,216,2,1,184,7398,32540,1684
2020-06-21,262,0,42095,718,0,34962,6948,153,0,26,0,0,262,252,10,1,178,6948,33247,1695
2020-06-22,218,0,42313,648,0,35610,6497,174,0,26,0,0,218,217,1,1,199,6497,33882,1708
2020-06-23,119,0,42432,405,1,36015,6219,166,0,26,0,0,119,116,3,1,191,6219,34283,1712
2020-06-24,191,0,42623,304,0,36319,6109,163,0,26,0,0,191,184,7,1,188,6109,34582,1717
2020-06-25,113,0,42736,305,0,36624,5917,163,0,26,0,0,113,108,5,1,188,5917,34886,1718
2020-06-26,219,0,42955,221,0,36845,5921,157,0,26,0,0,219,213,6,1,182,5921,35095,1730
2020-06-27,291,0,43246,338,1,37183,5883,148,0,26,0,0,291,280,11,1,173,5883,35429,1734
2020-06-28,213,0,43459,345,0,37528,5741,158,0,26,0,0,213,202,11,1,183,5741,35756,1752
2020-06-29,202,0,43661,477,0,38005,5453,171,0,26,0,0,202,196,6,1,196,5453,36224,1761
2020-06-30,246,0,43907,515,0,38520,5166,189,0,26,0,1,245,240,5,1,214,5166,36734,1766
2020-07-01,215,0,44122,511,0,39031,4876,183,0,26,0,4,211,201,10,1,208,4876,37238,1773
2020-07-02,188,0,44310,418,0,39449,4654,175,0,26,0,1,187,177,10,1,200,4654,37654,1784
2020-07-03,169,0,44479,340,0,39789,4461,197,0,26,0,3,166,155,11,1,222,4461,37980,1789
